bscName|superChannelGroup|superChannel|numberOfAbisDevices
BAA01|0|0|1
BAA01|0|1|1
BAA01|0|2|1
BAA01|1|0|2
BAA01|1|1|2
BAA01|1|2|2
BAA01|2|0|3
BAA01|2|1|3
BAA01|2|2|3
BAA01|3|0|4
BAA01|3|1|4
BAA01|3|2|4
BAA01|4|0|5
BAA01|4|1|5
BAA01|4|2|5
BAA01|5|0|6
BAA01|5|1|6
BAA01|5|2|6
BAA01|6|0|7
BAA01|6|1|7
BAA01|6|2|7
BAA01|7|0|8
BAA01|7|1|8
BAA01|7|2|8
BAA01|8|0|9
BAA01|8|1|9
BAA01|8|2|9
BAA01|9|0|10
BAA01|9|1|10
BAA01|9|2|10
BAA01|10|0|11
BAA01|10|1|11
BAA01|10|2|11
BAA01|11|0|12
BAA01|11|1|12
BAA01|11|2|12
BAA01|12|0|13
BAA01|12|1|13
BAA01|12|2|13
BAA01|13|0|14
BAA01|13|1|14
BAA01|13|2|14
BAA01|14|0|15
BAA01|14|1|15
BAA01|14|2|15
BAA01|15|0|16
BAA01|15|1|16
BAA01|15|2|16
BAA01|16|0|17
BAA01|16|1|17
BAA01|16|2|17
BAA01|17|0|18
BAA01|17|1|18
BAA01|17|2|18
BAA01|18|0|19
BAA01|18|1|19
BAA01|18|2|19
BAA01|19|0|20
BAA01|19|1|20
BAA01|19|2|20
BIE01|0|0|1
BIE01|0|1|1
BIE01|0|2|1
BIE01|1|0|2
BIE01|1|1|2
BIE01|1|2|2
BIE01|2|0|3
BIE01|2|1|3
BIE01|2|2|3
BIE01|3|0|4
BIE01|3|1|4
BIE01|3|2|4
BIE01|4|0|5
BIE01|4|1|5
BIE01|4|2|5
BIE01|5|0|6
BIE01|5|1|6
BIE01|5|2|6
BIE01|6|0|7
BIE01|6|1|7
BIE01|6|2|7
BIE01|7|0|8
BIE01|7|1|8
BIE01|7|2|8
BIE01|8|0|9
BIE01|8|1|9
BIE01|8|2|9
BIE01|9|0|10
BIE01|9|1|10
BIE01|9|2|10
BIE01|10|0|11
BIE01|10|1|11
BIE01|10|2|11
BIE01|11|0|12
BIE01|11|1|12
BIE01|11|2|12
BIE01|12|0|13
BIE01|12|1|13
BIE01|12|2|13
BIE01|13|0|14
BIE01|13|1|14
BIE01|13|2|14
BIE01|14|0|15
BIE01|14|1|15
BIE01|14|2|15
BIE01|15|0|16
BIE01|15|1|16
BIE01|15|2|16
BIE01|16|0|17
BIE01|16|1|17
BIE01|16|2|17
BIE01|17|0|18
BIE01|17|1|18
BIE01|17|2|18
BIE01|18|0|19
BIE01|18|1|19
BIE01|18|2|19
BIE01|19|0|20
BIE01|19|1|20
BIE01|19|2|20
