BIE01%3A5         BIE01 eniq_oss_1                 BIE01 BIE01 2023-11-21    2023       11     21      10 2023-11-21 10:00:00.0      0 15MIN            601       10              15 LOADED               eniq_oss_1 +0000                    0 2023-11-21 10:00:00.0 80.00000000 70.00000000 46.00000000 72.00000000  5.00000000 11.00000000 67.00000000 16.00000000 72.00000000  7.00000000 67.00000000 42.00000000 84.00000000 36.00000000 64.00000000 58.00000000 76.00000000 51.00000000 65.00000000 44.00000000 76.00000000 93.00000000 28.00000000 62.00000000 10.00000000 88.00000000 61.00000000  3.00000000 
BIE01%3A5         A0    eniq_oss_1                 A0    BIE01 2023-11-21    2023       11     21      10 2023-11-21 10:00:00.0      0 15MIN            601       10              15 LOADED               eniq_oss_1 +0000                    0 2023-11-21 10:00:00.0 85.00000000 23.00000000 98.00000000 27.00000000 29.00000000 21.00000000 16.00000000 96.00000000 91.00000000 82.00000000 37.00000000 94.00000000 18.00000000 45.00000000 30.00000000 78.00000000 17.00000000 71.00000000 14.00000000 33.00000000  8.00000000 95.00000000 24.00000000 83.00000000  6.00000000 25.00000000 46.00000000 27.00000000 
BIE01%3A5         A1    eniq_oss_1                 A1    BIE01 2023-11-21    2023       11     21      10 2023-11-21 10:00:00.0      0 15MIN            601       10              15 LOADED               eniq_oss_1 +0000                    0 2023-11-21 10:00:00.0 74.00000000 39.00000000 19.00000000 73.00000000 91.00000000 83.00000000 79.00000000 83.00000000 33.00000000  7.00000000 56.00000000 62.00000000 75.00000000 77.00000000 73.00000000 43.00000000 99.00000000  5.00000000 52.00000000 33.00000000 87.00000000 95.00000000 66.00000000 67.00000000 18.00000000 92.00000000 32.00000000  0.00000000 
BIE01%3A5         A2    eniq_oss_1                 A2    BIE01 2023-11-21    2023       11     21      10 2023-11-21 10:00:00.0      0 15MIN            601       10              15 LOADED               eniq_oss_1 +0000                    0 2023-11-21 10:00:00.0  4.00000000 58.00000000 31.00000000 70.00000000 14.00000000 86.00000000 21.00000000 82.00000000 30.00000000 94.00000000 57.00000000 15.00000000 32.00000000 48.00000000 39.00000000  5.00000000 67.00000000 64.00000000 48.00000000 13.00000000 96.00000000 53.00000000 11.00000000 84.00000000 63.00000000 67.00000000 46.00000000 93.00000000 
BIE01%3A5         A3    eniq_oss_1                 A3    BIE01 2023-11-21    2023       11     21      10 2023-11-21 10:00:00.0      0 15MIN            601       10              15 LOADED               eniq_oss_1 +0000                    0 2023-11-21 10:00:00.0 64.00000000 17.00000000  9.00000000 78.00000000  4.00000000 46.00000000 17.00000000 89.00000000 34.00000000 94.00000000  1.00000000 30.00000000 15.00000000 38.00000000 21.00000000 86.00000000 69.00000000 93.00000000 72.00000000 72.00000000  0.00000000 83.00000000 98.00000000 21.00000000 60.00000000 34.00000000 54.00000000 64.00000000 
BIE01%3A5         A4    eniq_oss_1                 A4    BIE01 2023-11-21    2023       11     21      10 2023-11-21 10:00:00.0      0 15MIN            601       10              15 LOADED               eniq_oss_1 +0000                    0 2023-11-21 10:00:00.0 10.00000000 91.00000000 43.00000000 12.00000000 47.00000000 78.00000000 14.00000000 62.00000000 54.00000000 33.00000000 31.00000000 21.00000000 25.00000000 98.00000000  1.00000000 17.00000000 89.00000000 76.00000000 93.00000000 42.00000000  8.00000000 15.00000000 80.00000000 13.00000000 48.00000000 37.00000000  2.00000000 30.00000000 
BIE01%3A5         A5    eniq_oss_1                 A5    BIE01 2023-11-21    2023       11     21      10 2023-11-21 10:00:00.0      0 15MIN            601       10              15 LOADED               eniq_oss_1 +0000                    0 2023-11-21 10:00:00.0 93.00000000 83.00000000 58.00000000 39.00000000 59.00000000 39.00000000 11.00000000 31.00000000 54.00000000 44.00000000 11.00000000 23.00000000 55.00000000 63.00000000 72.00000000 29.00000000 65.00000000 27.00000000 46.00000000 76.00000000 94.00000000 64.00000000  1.00000000 71.00000000  0.00000000 30.00000000 23.00000000 73.00000000 
BIE01%3A5         A6    eniq_oss_1                 A6    BIE01 2023-11-21    2023       11     21      10 2023-11-21 10:00:00.0      0 15MIN            601       10              15 LOADED               eniq_oss_1 +0000                    0 2023-11-21 10:00:00.0 32.00000000  7.00000000 53.00000000 68.00000000 69.00000000 54.00000000 63.00000000 53.00000000  4.00000000  4.00000000 31.00000000  9.00000000 98.00000000 32.00000000 66.00000000 92.00000000 31.00000000 54.00000000 42.00000000 97.00000000 83.00000000 73.00000000 54.00000000 11.00000000 83.00000000  1.00000000 62.00000000 94.00000000 
BIE01%3A5         A7    eniq_oss_1                 A7    BIE01 2023-11-21    2023       11     21      10 2023-11-21 10:00:00.0      0 15MIN            601       10              15 LOADED               eniq_oss_1 +0000                    0 2023-11-21 10:00:00.0 20.00000000 13.00000000 27.00000000 43.00000000 84.00000000 30.00000000 60.00000000 33.00000000 15.00000000 74.00000000 61.00000000 97.00000000 44.00000000 68.00000000 63.00000000  6.00000000 83.00000000 68.00000000 42.00000000 55.00000000 50.00000000 77.00000000 48.00000000 84.00000000 83.00000000  3.00000000 14.00000000 84.00000000 
BAA01%3A1003.asn1 A0    eniq_oss_1 CLUSTER         A0    BAA01 2023-11-21    2023       11     21      10 2023-11-21 10:00:00.0      0 15MIN            600        3              15 LOADED               eniq_oss_1 +0000                    0 2023-11-21 10:00:00.0 49.00000000 36.00000000 41.00000000 55.00000000 28.00000000 23.00000000 53.00000000 36.00000000 76.00000000 19.00000000 71.00000000 43.00000000 32.00000000 61.00000000 15.00000000 30.00000000 48.00000000 14.00000000 90.00000000  9.00000000 71.00000000 94.00000000  4.00000000 56.00000000 62.00000000 49.00000000 29.00000000 19.00000000 
BAA01%3A1003.asn1 A1    eniq_oss_1 CLUSTER         A1    BAA01 2023-11-21    2023       11     21      10 2023-11-21 10:00:00.0      0 15MIN            600        3              15 LOADED               eniq_oss_1 +0000                    0 2023-11-21 10:00:00.0 13.00000000 65.00000000  7.00000000 37.00000000 50.00000000 95.00000000 89.00000000 36.00000000 88.00000000 15.00000000 33.00000000 42.00000000 88.00000000 66.00000000 28.00000000 93.00000000 74.00000000 18.00000000 27.00000000  2.00000000 40.00000000 71.00000000 34.00000000 33.00000000 17.00000000 93.00000000  4.00000000 74.00000000 
BAA01%3A1003.asn1 A2    eniq_oss_1 CLUSTER         A2    BAA01 2023-11-21    2023       11     21      10 2023-11-21 10:00:00.0      0 15MIN            600        3              15 LOADED               eniq_oss_1 +0000                    0 2023-11-21 10:00:00.0 77.00000000 62.00000000 22.00000000 25.00000000 13.00000000 30.00000000 63.00000000 15.00000000 69.00000000 48.00000000 24.00000000 99.00000000  2.00000000  3.00000000 55.00000000  9.00000000 67.00000000 51.00000000 48.00000000 26.00000000 10.00000000 32.00000000 87.00000000 67.00000000 78.00000000 55.00000000 69.00000000 74.00000000 
BAA01%3A1003.asn1 A3    eniq_oss_1 CLUSTER         A3    BAA01 2023-11-21    2023       11     21      10 2023-11-21 10:00:00.0      0 15MIN            600        3              15 LOADED               eniq_oss_1 +0000                    0 2023-11-21 10:00:00.0 37.00000000 90.00000000 39.00000000 90.00000000 64.00000000 99.00000000 84.00000000 11.00000000 82.00000000  3.00000000 50.00000000 24.00000000 22.00000000 62.00000000 65.00000000 73.00000000 19.00000000 13.00000000 84.00000000 27.00000000 49.00000000 27.00000000 13.00000000 76.00000000 41.00000000 24.00000000 63.00000000 74.00000000 
BAA01%3A1003.asn1 A4    eniq_oss_1 CLUSTER         A4    BAA01 2023-11-21    2023       11     21      10 2023-11-21 10:00:00.0      0 15MIN            600        3              15 LOADED               eniq_oss_1 +0000                    0 2023-11-21 10:00:00.0 72.00000000 32.00000000 16.00000000 62.00000000 22.00000000 78.00000000 89.00000000  9.00000000 47.00000000 58.00000000 66.00000000  0.00000000  1.00000000 15.00000000 33.00000000  2.00000000  7.00000000 42.00000000 36.00000000 54.00000000 65.00000000 81.00000000 88.00000000 54.00000000 23.00000000 38.00000000 37.00000000 62.00000000 
BAA01%3A1003.asn1 A5    eniq_oss_1 CLUSTER         A5    BAA01 2023-11-21    2023       11     21      10 2023-11-21 10:00:00.0      0 15MIN            600        3              15 LOADED               eniq_oss_1 +0000                    0 2023-11-21 10:00:00.0 57.00000000 98.00000000 22.00000000 87.00000000 29.00000000 54.00000000 96.00000000  3.00000000 78.00000000 83.00000000 12.00000000 92.00000000  0.00000000 54.00000000 93.00000000 91.00000000 16.00000000 26.00000000 35.00000000 49.00000000 75.00000000 55.00000000 70.00000000  7.00000000 71.00000000 23.00000000 76.00000000 74.00000000 
BAA01%3A1003.asn1 A6    eniq_oss_1 CLUSTER         A6    BAA01 2023-11-21    2023       11     21      10 2023-11-21 10:00:00.0      0 15MIN            600        3              15 LOADED               eniq_oss_1 +0000                    0 2023-11-21 10:00:00.0 22.00000000 41.00000000 66.00000000 72.00000000 58.00000000 67.00000000 91.00000000 56.00000000  6.00000000  0.00000000  5.00000000 23.00000000 34.00000000 26.00000000 75.00000000 76.00000000 15.00000000 72.00000000  2.00000000 42.00000000 78.00000000 93.00000000 24.00000000 11.00000000  3.00000000 80.00000000 82.00000000 19.00000000 
BAA01%3A1003.asn1 A7    eniq_oss_1 CLUSTER         A7    BAA01 2023-11-21    2023       11     21      10 2023-11-21 10:00:00.0      0 15MIN            600        3              15 LOADED               eniq_oss_1 +0000                    0 2023-11-21 10:00:00.0 38.00000000 66.00000000 28.00000000  7.00000000 65.00000000  9.00000000 46.00000000 58.00000000 29.00000000 48.00000000 31.00000000 91.00000000 87.00000000 74.00000000 28.00000000 70.00000000 86.00000000 16.00000000 35.00000000  8.00000000 80.00000000  4.00000000 24.00000000 89.00000000  5.00000000 23.00000000 87.00000000 34.00000000 
BAA01%3A1003.asn1 A8    eniq_oss_1 CLUSTER         A8    BAA01 2023-11-21    2023       11     21      10 2023-11-21 10:00:00.0      0 15MIN            600        3              15 LOADED               eniq_oss_1 +0000                    0 2023-11-21 10:00:00.0 98.00000000 70.00000000 49.00000000 50.00000000 26.00000000 13.00000000 30.00000000  3.00000000 95.00000000 38.00000000 86.00000000  7.00000000 23.00000000 98.00000000 53.00000000 66.00000000 60.00000000 35.00000000 90.00000000 24.00000000 68.00000000 75.00000000 99.00000000  0.00000000 43.00000000 19.00000000 30.00000000  9.00000000 
