MSCBC01                 MSCBC01 eniq_oss_1         MSCBC01 MSCBC01%3A1000,BC3  MSCBC01 2023-11-22    2023       11     22      10 2023-11-22 10:00:00.0      0 15MIN           1108        0              15 LOADED               eniq_oss_1 +0000                    0 2023-11-22 10:00:00.0          5      19         68         78         17      55  25         84           89          5         75         56         13         42         71  13         48         88         87         34         20         78           19         41         80          6 
MSCBC01                 MSCBC01 eniq_oss_1         MSCBC01 MSCBC01%3A1000,BC7  MSCBC01 2023-11-22    2023       11     22      10 2023-11-22 10:00:00.0      0 15MIN           1108        0              15 LOADED               eniq_oss_1 +0000                    0 2023-11-22 10:00:00.0         75      41         42         42         63      98  10         89           62         34         12         38         89         63         23  74         29          5         74         97         65         85           86         88         35         94 
MSCBC01                 MSCBC01 eniq_oss_1         MSCBC01 MSCBC01%3A1000,BC11 MSCBC01 2023-11-22    2023       11     22      10 2023-11-22 10:00:00.0      0 15MIN           1108        0              15 LOADED               eniq_oss_1 +0000                    0 2023-11-22 10:00:00.0         22      15         81         47         19      42  81         32           36         37         29         80         67         11         64  47         85         82         53         13         72         38           55         79         89         82 
MSCBC01                 MSCBC01 eniq_oss_1         MSCBC01 MSCBC01%3A1000,BC15 MSCBC01 2023-11-22    2023       11     22      10 2023-11-22 10:00:00.0      0 15MIN           1108        0              15 LOADED               eniq_oss_1 +0000                    0 2023-11-22 10:00:00.0         62      60         66         18         93      49  73         69           47          7         84         76         46         42         82  54         36         33          8         91         99         53           98         50         39         15 
MSCBC01                 MSCBC01 eniq_oss_1         MSCBC01 MSCBC01%3A1000,BC19 MSCBC01 2023-11-22    2023       11     22      10 2023-11-22 10:00:00.0      0 15MIN           1108        0              15 LOADED               eniq_oss_1 +0000                    0 2023-11-22 10:00:00.0         61      11         83         50         47      42  50         39           94         40         53         76         38         61         72  65          7         44         67         24         84         48           76          5         12         28 
MSCBC01                 MSCBC01 eniq_oss_1         MSCBC01 MSCBC01%3A1000,BC23 MSCBC01 2023-11-22    2023       11     22      10 2023-11-22 10:00:00.0      0 15MIN           1108        0              15 LOADED               eniq_oss_1 +0000                    0 2023-11-22 10:00:00.0         82      67         66         68         83      70  44         79           48         60         79         73         11         58         27  29         78          4         41         83         35         20           96         69         66         29 
MSCBC01                 MSCBC01 eniq_oss_1         MSCBC01 MSCBC01%3A1000,BC27 MSCBC01 2023-11-22    2023       11     22      10 2023-11-22 10:00:00.0      0 15MIN           1108        0              15 LOADED               eniq_oss_1 +0000                    0 2023-11-22 10:00:00.0         96      38         95         29          8      59  63         20           14          2         19         22         85         64         51  30         43         81         96          7          3          1           49         47          1         63 
MSCBC01                 MSCBC01 eniq_oss_1         MSCBC01 MSCBC01%3A1000,BC31 MSCBC01 2023-11-22    2023       11     22      10 2023-11-22 10:00:00.0      0 15MIN           1108        0              15 LOADED               eniq_oss_1 +0000                    0 2023-11-22 10:00:00.0         83      76         42         31         74      59  68          0           66         37         57          5          2         51         61  35         78         94         54         30         27          8           21         95         59         60 
MSCBC01                 MSCBC01 eniq_oss_1         MSCBC01 MSCBC01%3A1000,BC35 MSCBC01 2023-11-22    2023       11     22      10 2023-11-22 10:00:00.0      0 15MIN           1108        0              15 LOADED               eniq_oss_1 +0000                    0 2023-11-22 10:00:00.0         26      94         81          2          7      71  96         61           22         90         21         64         10         35         64  74         25         31         85         81         95         98           43         86         74         32 
MIE001                  MIE001  eniq_oss_1         MIE001  MIE001%3A4          MIE001  2023-11-22    2023       11     22      10 2023-11-22 10:00:00.0      0 15MIN           1107       19              15 LOADED               eniq_oss_1 +0000                    0 2023-11-22 10:00:00.0         18      85         23         69         72      11  27         98           83         10         78         42         10         51         33  11          5         32         56         89         32         85           26         91         38         20 
MAA01   CLUSTER         MAA01   eniq_oss_1         MAA01   MAA01%3A1002        MAA01   2023-11-22    2023       11     22      10 2023-11-22 10:00:00.0      0 15MIN           1106       12              15 LOADED               eniq_oss_1 +0000                    0 2023-11-22 10:00:00.0         23      25         49         34         10      80  31         59           51         68         80         99         92         23         85  50         75         36         82         23         81         59           27         53         12         84 
MSCBC01                 MSCBC01 eniq_oss_1         MSCBC01 MSCBC01%3A1000,BC1  MSCBC01 2023-11-22    2023       11     22      10 2023-11-22 10:00:00.0      0 15MIN           1108        0              15 LOADED               eniq_oss_1 +0000                    0 2023-11-22 10:00:00.0          0       2         74         43         34      88  15         99           38          3          4         48         14         19         79  45         78         44         77         68         43         64           81         72          1         85 
MSCBC01                 MSCBC01 eniq_oss_1         MSCBC01 MSCBC01%3A1000,BC5  MSCBC01 2023-11-22    2023       11     22      10 2023-11-22 10:00:00.0      0 15MIN           1108        0              15 LOADED               eniq_oss_1 +0000                    0 2023-11-22 10:00:00.0         34      63         87         36         21       8  42         16           21         50         32         79         48         23          6  24         22         35         49          9         34         34           14         42         24          5 
MSCBC01                 MSCBC01 eniq_oss_1         MSCBC01 MSCBC01%3A1000,BC9  MSCBC01 2023-11-22    2023       11     22      10 2023-11-22 10:00:00.0      0 15MIN           1108        0              15 LOADED               eniq_oss_1 +0000                    0 2023-11-22 10:00:00.0         66      19         83         44         65      53  63          7           55         13         16         11         62         53         19  46         43          2         85         51         44         46           73         80         16          4 
MSCBC01                 MSCBC01 eniq_oss_1         MSCBC01 MSCBC01%3A1000,BC13 MSCBC01 2023-11-22    2023       11     22      10 2023-11-22 10:00:00.0      0 15MIN           1108        0              15 LOADED               eniq_oss_1 +0000                    0 2023-11-22 10:00:00.0          0      13         93         91         85      27  89         89           16         32         81         57         61         33         68  32         92         35         61         90         60         36           96         50         23          3 
MSCBC01                 MSCBC01 eniq_oss_1         MSCBC01 MSCBC01%3A1000,BC17 MSCBC01 2023-11-22    2023       11     22      10 2023-11-22 10:00:00.0      0 15MIN           1108        0              15 LOADED               eniq_oss_1 +0000                    0 2023-11-22 10:00:00.0         56       4         70         98          2       0  84         13           95         34         89         71         94         99         43  37         47         13         28         53         10         29           64         12         53          3 
MSCBC01                 MSCBC01 eniq_oss_1         MSCBC01 MSCBC01%3A1000,BC21 MSCBC01 2023-11-22    2023       11     22      10 2023-11-22 10:00:00.0      0 15MIN           1108        0              15 LOADED               eniq_oss_1 +0000                    0 2023-11-22 10:00:00.0         16      77         24         96         68      62  55         19           68         10         98         28         88         16          6  51         32         81         28         23         44         37           44         56         85         22 
MSCBC01                 MSCBC01 eniq_oss_1         MSCBC01 MSCBC01%3A1000,BC25 MSCBC01 2023-11-22    2023       11     22      10 2023-11-22 10:00:00.0      0 15MIN           1108        0              15 LOADED               eniq_oss_1 +0000                    0 2023-11-22 10:00:00.0         87      18         16          3         74      55  58          3           27         57         15         23         95         96         45  81         63         59         28         41         42         36           26         83         75         68 
MSCBC01                 MSCBC01 eniq_oss_1         MSCBC01 MSCBC01%3A1000,BC29 MSCBC01 2023-11-22    2023       11     22      10 2023-11-22 10:00:00.0      0 15MIN           1108        0              15 LOADED               eniq_oss_1 +0000                    0 2023-11-22 10:00:00.0         63      91         12         19         20      81  38          9           88         75         48         17         62         93         11  97         94         37         86         51         36         31           49         99         13         99 
MSCBC01                 MSCBC01 eniq_oss_1         MSCBC01 MSCBC01%3A1000,BC33 MSCBC01 2023-11-22    2023       11     22      10 2023-11-22 10:00:00.0      0 15MIN           1108        0              15 LOADED               eniq_oss_1 +0000                    0 2023-11-22 10:00:00.0         68      16         57         77          5      65  29         36           44         86         69         99         60         64         48  28         40         18         42         56         16         98           35          7          7         27 
MSCBC01                 MSCBC01 eniq_oss_1         MSCBC01 MSCBC01%3A1000,BC2  MSCBC01 2023-11-22    2023       11     22      10 2023-11-22 10:00:00.0      0 15MIN           1108        0              15 LOADED               eniq_oss_1 +0000                    0 2023-11-22 10:00:00.0         80      42         70         72          5      16  49         70           79         33         36         23         90         95         76  56         92         56         88         41         49         37           93         51         37         62 
MSCBC01                 MSCBC01 eniq_oss_1         MSCBC01 MSCBC01%3A1000,BC6  MSCBC01 2023-11-22    2023       11     22      10 2023-11-22 10:00:00.0      0 15MIN           1108        0              15 LOADED               eniq_oss_1 +0000                    0 2023-11-22 10:00:00.0         50      74         48         47         12      80  37         86           52         33         79         36         18          2         85  66          6          7         66         79         13         59           35         39         35         76 
MSCBC01                 MSCBC01 eniq_oss_1         MSCBC01 MSCBC01%3A1000,BC10 MSCBC01 2023-11-22    2023       11     22      10 2023-11-22 10:00:00.0      0 15MIN           1108        0              15 LOADED               eniq_oss_1 +0000                    0 2023-11-22 10:00:00.0          4      26         96         91         84      28  12         58           28         49         22         44         58         47         86  67         42         56         43         77          6         87           76         85         99         13 
MSCBC01                 MSCBC01 eniq_oss_1         MSCBC01 MSCBC01%3A1000,BC14 MSCBC01 2023-11-22    2023       11     22      10 2023-11-22 10:00:00.0      0 15MIN           1108        0              15 LOADED               eniq_oss_1 +0000                    0 2023-11-22 10:00:00.0          3      37         99         43         22      42  85         21           27         41          9         32         78         23         23  37         12         83          3         29         72         43           11         61         32         32 
MSCBC01                 MSCBC01 eniq_oss_1         MSCBC01 MSCBC01%3A1000,BC18 MSCBC01 2023-11-22    2023       11     22      10 2023-11-22 10:00:00.0      0 15MIN           1108        0              15 LOADED               eniq_oss_1 +0000                    0 2023-11-22 10:00:00.0         63       7         22         48         19      62   6          1           30         19         45         60         17         64         34  47         44         18         82         90         56         67           93         21         86         64 
MSCBC01                 MSCBC01 eniq_oss_1         MSCBC01 MSCBC01%3A1000,BC22 MSCBC01 2023-11-22    2023       11     22      10 2023-11-22 10:00:00.0      0 15MIN           1108        0              15 LOADED               eniq_oss_1 +0000                    0 2023-11-22 10:00:00.0         73      95         81         81          9      84  96         70           13         20         68         79         83         39         14  51         16         31         60         72         20         60           62         32          1         68 
MSCBC01                 MSCBC01 eniq_oss_1         MSCBC01 MSCBC01%3A1000,BC26 MSCBC01 2023-11-22    2023       11     22      10 2023-11-22 10:00:00.0      0 15MIN           1108        0              15 LOADED               eniq_oss_1 +0000                    0 2023-11-22 10:00:00.0         61      20         13         99         18      85  55         32           58         59         44          7         86         18         54  28         89         79         78         61         44         93           40         18          6         79 
MSCBC01                 MSCBC01 eniq_oss_1         MSCBC01 MSCBC01%3A1000,BC30 MSCBC01 2023-11-22    2023       11     22      10 2023-11-22 10:00:00.0      0 15MIN           1108        0              15 LOADED               eniq_oss_1 +0000                    0 2023-11-22 10:00:00.0         32      53         28         82         39      65  31          4           84         67         73         31         84         18         87  22          0         25          4         83          6         53           92         19          9         34 
MSCBC01                 MSCBC01 eniq_oss_1         MSCBC01 MSCBC01%3A1000,BC34 MSCBC01 2023-11-22    2023       11     22      10 2023-11-22 10:00:00.0      0 15MIN           1108        0              15 LOADED               eniq_oss_1 +0000                    0 2023-11-22 10:00:00.0         11      90         65         49         20      43  59         86           56         38         39         20         73         86         73  74         25         46         93         87         87         78           41         86         14         37 
MSCBC01 CLUSTER         MSCBC01 eniq_oss_1         MSCBC01 MSCBC01%3A1000      MSCBC01 2023-11-22    2023       11     22      10 2023-11-22 10:00:00.0      0 15MIN           1108        0              15 LOADED               eniq_oss_1 +0000                    0 2023-11-22 10:00:00.0         65      10         45         45         81      19  39         86           89         85         30         40          6         30         38  43         75         13         49         99         20         10           15         10         23         25 
MSCBC01                 MSCBC01 eniq_oss_1         MSCBC01 MSCBC01%3A1000,BC0  MSCBC01 2023-11-22    2023       11     22      10 2023-11-22 10:00:00.0      0 15MIN           1108        0              15 LOADED               eniq_oss_1 +0000                    0 2023-11-22 10:00:00.0         72      97         76         91         36      75  78         86           70         14         40         18         76         59         78  71         39         79         62         11         56         32            2         30         42         11 
MSCBC01                 MSCBC01 eniq_oss_1         MSCBC01 MSCBC01%3A1000,BC4  MSCBC01 2023-11-22    2023       11     22      10 2023-11-22 10:00:00.0      0 15MIN           1108        0              15 LOADED               eniq_oss_1 +0000                    0 2023-11-22 10:00:00.0         65      16         13         67         99      84  95         45           33         29         23         33         73         39         69  87         89         45         61         86         82         63           76         94          6         77 
MSCBC01                 MSCBC01 eniq_oss_1         MSCBC01 MSCBC01%3A1000,BC8  MSCBC01 2023-11-22    2023       11     22      10 2023-11-22 10:00:00.0      0 15MIN           1108        0              15 LOADED               eniq_oss_1 +0000                    0 2023-11-22 10:00:00.0          7      76         19         56         37      44  48         29           96         68         13         83         59          3         73  85         38         76         89         86         86         35           89         91          7         70 
MSCBC01                 MSCBC01 eniq_oss_1         MSCBC01 MSCBC01%3A1000,BC12 MSCBC01 2023-11-22    2023       11     22      10 2023-11-22 10:00:00.0      0 15MIN           1108        0              15 LOADED               eniq_oss_1 +0000                    0 2023-11-22 10:00:00.0         97      58          8         23         54      25  32         97           94         90         25         41          2          7         31  56         91         61         78         24         50         68           74         78         86         77 
MSCBC01                 MSCBC01 eniq_oss_1         MSCBC01 MSCBC01%3A1000,BC16 MSCBC01 2023-11-22    2023       11     22      10 2023-11-22 10:00:00.0      0 15MIN           1108        0              15 LOADED               eniq_oss_1 +0000                    0 2023-11-22 10:00:00.0         87      50         45         48          3      35  64         75           72          1         70         22         78         54         20  33         72         20          0         55         50         86           40         36         96         22 
MSCBC01                 MSCBC01 eniq_oss_1         MSCBC01 MSCBC01%3A1000,BC20 MSCBC01 2023-11-22    2023       11     22      10 2023-11-22 10:00:00.0      0 15MIN           1108        0              15 LOADED               eniq_oss_1 +0000                    0 2023-11-22 10:00:00.0         83      35         16         90         10      65  45         31           63         87         87         68         68         38         66  96         57         45         18          5         25         32           54         41         70         67 
MSCBC01                 MSCBC01 eniq_oss_1         MSCBC01 MSCBC01%3A1000,BC24 MSCBC01 2023-11-22    2023       11     22      10 2023-11-22 10:00:00.0      0 15MIN           1108        0              15 LOADED               eniq_oss_1 +0000                    0 2023-11-22 10:00:00.0         93       9         24          6         54      52  15         70           33         51         40          5         50         40         33  63         11         75         48          9         12         82           78          2         90         29 
MSCBC01                 MSCBC01 eniq_oss_1         MSCBC01 MSCBC01%3A1000,BC28 MSCBC01 2023-11-22    2023       11     22      10 2023-11-22 10:00:00.0      0 15MIN           1108        0              15 LOADED               eniq_oss_1 +0000                    0 2023-11-22 10:00:00.0         36      25         47         67         49      31  19         75           38         27         66         77         78         17         71  78         87         96         75         47         76         26           82         33         90         25 
MSCBC01                 MSCBC01 eniq_oss_1         MSCBC01 MSCBC01%3A1000,BC32 MSCBC01 2023-11-22    2023       11     22      10 2023-11-22 10:00:00.0      0 15MIN           1108        0              15 LOADED               eniq_oss_1 +0000                    0 2023-11-22 10:00:00.0          5      16          5         11         46      70  88         75           99         59         87         92         20         95         42   9         52         82         30          2         90          3           19         43         67         99 
