    5            0   1400.00 
    8            0   3000.00 
   13            0   5000.00 
   27            0  10000.00 
   16            0  15000.00 
   22            0  20000.00 
    0            1   1400.00 
    0            1   3000.00 
    0            1   5000.00 
   11            1  10000.00 
   16            1  15000.00 
   22            1  20000.00 
    5            2   1400.00 
    8            2   3000.00 
   13            2   5000.00 
   27            2  10000.00 
   41            2  15000.00 
   55            2  20000.00 
    7            3   1400.00 
   13            3   3000.00 
   22            3   5000.00 
   44            3  10000.00 
   66            3  15000.00 
   88            3  20000.00 
    5            4   1400.00 
    8            4   3000.00 
   13            4   5000.00 
   27            4  10000.00 
   41            4  15000.00 
   55            4  20000.00 
    7            5   1400.00 
   13            5   3000.00 
   22            5   5000.00 
   44            5  10000.00 
   66            5  15000.00 
   88            5  20000.00 
